371639489845788672
371639489845788672
371639489845788672
371639489845788672
256764218047463424
225289949623222272
225289949623222272
82495095084941312
253128227332030464
253128227332030464
253128227332030464
371639489845788672
253128227332030464
253128227332030464
253128227332030464
371639489845788672
253128227332030464
86712736209182720
86712736209182720
86712736209182720
86712736209182720
86712736209182720
86712736209182720
86712736209182720
86712736209182720
86712736209182720
253128227332030464
253128227332030464
253128227332030464
253128227332030464
253128227332030464
253128227332030464
371639489845788672
371639489845788672
371639489845788672
371639489845788672
371639489845788672
371639489845788672
371639489845788672
253128227332030464
371639489845788672
103387958765170688
169103627141644289
253128227332030464
253128227332030464
253128227332030464
253128227332030464
253128227332030464
253128227332030464
253128227332030464
253128227332030464
253128227332030464
231429566109974528
253128227332030464
253128227332030464
253128227332030464
253128227332030464
253128227332030464
253128227332030464
253128227332030464
253128227332030464
253128227332030464
253128227332030464
253128227332030464
103460787401551872
103460787401551872
231429566109974528
253128227332030464
253128227332030464
253128227332030464
253128227332030464
82495095084941312
225289949623222272
225289949623222272
225289949623222272
225289949623222272
225289949623222272
253128227332030464
253128227332030464
253128227332030464
253128227332030464
253128227332030464
253128227332030464
253128227332030464
253128227332030464
253128227332030464
253128227332030464
253128227332030464
253128227332030464
253128227332030464
253128227332030464
253128227332030464
253128227332030464
253128227332030464
253128227332030464
253128227332030464
253128227332030464
253128227332030464
253128227332030464
253128227332030464
253128227332030464
253128227332030464
253128227332030464
253128227332030464
253128227332030464
253128227332030464
253128227332030464
253128227332030464
96275773475799040
96275773475799040
103387958765170688
225298112175013899
371639489845788672
169103627141644289
86712736209182720
103190494720311296
225298112175013899
169103627141644289
225298112175013899
225289949623222272
82495095084941312
225298112175013899
892772197804937226
892772197804937226
225289949623222272
